0.119000
0.119000
0.119000
0.156000
0.210000
0.223000
0.279000
0.400000
0.430000
0.439000
0.460000
0.476000
0.483000
0.491000
0.506000
0.516000
0.518000
0.519000
0.522000
0.528000
0.532000
0.542000
0.547000
0.554000
0.556000
0.559000
0.566000
0.567000
0.578000
0.580000
0.594000
0.594000
0.599000
0.595000
0.606000
0.608000
0.618000
0.620000
0.631000
0.636000
0.630000
0.633000
0.639000
0.641000
0.650000
0.653000
0.651000
0.650000
0.652000
0.661000
0.660000
0.676000
0.673000
0.664000
0.679000
0.669000
0.679000
0.687000
0.692000
0.689000
0.690000
0.696000
0.698000
0.706000
0.700000
0.704000
0.715000
0.708000
0.711000
0.712000
0.717000
0.725000
0.720000
0.722000
0.719000
0.729000
0.731000
0.722000
0.732000
0.736000
0.747000
0.734000
0.740000
0.732000
0.736000
0.739000
0.738000
0.747000
0.740000
0.751000
0.748000
0.750000
0.758000
0.754000
0.748000
0.744000
0.755000
0.752000
0.757000
0.754000
0.758000
0.758000
0.757000
0.752000
0.751000
0.761000
0.757000
0.765000
0.760000
0.768000
0.767000
0.760000
0.762000
0.761000
0.775000
0.775000
0.774000
0.775000
0.765000
0.776000
0.778000
0.780000
0.767000
0.772000
0.781000
0.782000
0.777000
0.782000
0.780000
0.789000
0.777000
0.779000
0.784000
0.793000
0.784000
0.791000
0.780000
0.788000
0.783000
0.796000
0.785000
0.792000
0.778000
0.794000
0.805000
0.789000
0.786000
0.794000
0.790000
0.795000
0.794000
0.796000
0.778000
0.797000
0.798000
0.797000
0.797000
0.798000
0.792000
0.797000
0.791000
0.791000
0.801000
0.796000
0.795000
0.795000
0.799000
0.799000
0.796000
0.798000
0.809000
0.802000
0.810000
0.806000
0.805000
0.804000
0.804000
0.800000
0.804000
0.803000
0.803000
0.806000
0.805000
0.804000
0.813000
0.802000
0.812000
0.799000
0.804000
0.809000
0.800000
0.801000
0.810000
0.800000
0.811000
0.811000
0.812000
0.811000
0.814000
0.810000
0.812000
0.810000
0.815000
0.814000
0.813000
0.813000
0.814000
0.816000
0.815000
0.817000
0.815000
0.810000
0.813000
0.803000
0.807000
0.810000
0.820000
0.807000
0.817000
0.815000
0.817000
0.815000
0.807000
0.815000
0.817000
0.810000
0.815000
0.813000
0.814000
0.809000
0.818000
0.821000
0.820000
0.816000
0.813000
0.821000
0.816000
0.816000
0.819000
0.811000
0.809000
0.814000
0.813000
0.815000
0.811000
0.814000
0.801000
0.810000
0.813000
0.819000
0.805000
0.809000
0.815000
0.806000
0.810000
0.820000
0.813000
0.818000
0.821000
0.812000
0.811000
0.813000
0.813000
0.809000
0.810000
0.810000
0.819000
0.811000
0.808000
0.813000
0.806000
0.813000
0.815000
0.807000
0.808000
0.813000
0.815000
0.815000
0.818000
0.814000
0.815000
0.809000
0.818000
0.816000
0.815000
0.813000
0.817000
0.818000
0.814000
0.815000
0.821000
0.830000
0.817000
0.827000
0.811000
0.810000
0.812000
0.807000
0.817000
0.818000
0.836000
0.816000
0.813000
0.822000
0.815000
0.805000
0.817000
0.819000
0.820000
0.816000
0.818000
0.807000
0.820000
0.820000
0.814000
0.813000
0.815000
0.804000
0.817000
0.817000
0.817000
0.814000
0.819000
0.818000
0.816000
0.817000
0.818000
0.824000
0.806000
0.805000
0.810000
0.814000
0.816000
0.823000
0.815000
0.822000
0.818000
0.816000
0.809000
0.808000
0.808000
0.814000
0.811000
0.815000
0.815000
0.817000
0.820000
0.821000
0.813000
0.822000
0.812000
0.814000
0.819000
0.813000
0.822000
0.821000
0.820000
0.813000
0.817000
0.817000
0.812000
0.821000
0.812000
0.806000
0.809000
0.814000
0.816000
0.816000
0.811000
0.825000
0.815000
0.814000
0.805000
0.805000
0.809000
0.807000
0.803000
0.817000
0.800000
0.816000
0.814000
0.805000
0.807000
0.814000
0.812000
0.822000
0.815000
0.807000
0.813000
0.818000
0.811000
0.814000
0.819000
0.821000
0.816000
0.815000
0.820000
0.813000
0.813000
0.807000
0.813000
0.809000
0.815000
0.822000
0.811000
0.816000
0.814000
0.815000
0.814000
0.810000
0.823000
0.818000
0.818000
0.804000
0.807000
0.807000
0.820000
0.813000
0.810000
0.817000
0.818000
0.807000
0.815000
0.809000
0.810000
0.809000
0.815000
0.814000
0.814000
0.810000
0.815000
0.794000
0.808000
0.810000
0.803000
0.811000
0.814000
0.826000
0.813000
0.813000
0.818000
0.809000
0.809000
0.813000
0.799000
0.815000
0.814000
0.807000
0.813000
0.803000
0.819000
0.809000
0.808000
0.814000
0.815000
0.808000
0.816000
0.810000
0.814000
0.807000
0.802000
0.809000
0.812000
0.810000
0.812000
0.809000
0.811000
0.814000
0.804000
0.810000
0.812000
0.815000
0.814000
0.807000
0.815000
0.818000
0.811000
0.814000
0.813000
0.808000
0.801000
0.804000
0.814000
0.813000
0.815000
0.801000
0.801000
0.822000
0.810000
0.809000
0.800000
0.819000
0.811000
0.808000
0.819000
0.808000
0.808000
0.808000
0.805000
0.807000
