0.079208
0.495050
0.594059
0.683168
0.633663
0.851485
0.792079
0.811881
0.881188
0.841584
0.900990
0.920792
0.851485
0.851485
0.851485
0.891089
0.851485
0.861386
0.891089
0.881188
0.900990
0.861386
0.900990
0.910891
0.910891
0.950495
0.930693
0.940594
0.900990
0.900990
0.920792
0.930693
1.000000
0.950495
0.930693
0.970297
0.930693
0.900990
0.970297
0.930693
0.940594
0.930693
0.930693
0.920792
0.960396
0.920792
0.920792
0.960396
0.940594
0.950495
0.930693
0.950495
0.970297
0.920792
0.940594
0.950495
0.960396
0.960396
0.960396
0.970297
0.970297
0.970297
0.970297
0.970297
0.960396
0.970297
0.950495
0.960396
0.920792
0.950495
0.950495
0.960396
0.990099
0.940594
0.980198
0.960396
0.960396
0.970297
0.970297
0.980198
0.970297
0.950495
0.950495
0.980198
0.970297
0.970297
0.960396
0.990099
0.950495
0.970297
0.940594
0.980198
0.960396
0.970297
0.940594
0.940594
0.980198
0.940594
0.980198
0.980198
0.980198
0.950495
0.990099
0.970297
0.990099
0.930693
0.960396
0.970297
0.950495
0.950495
0.950495
0.970297
0.960396
0.980198
0.980198
0.970297
0.950495
0.960396
0.970297
0.950495
0.960396
0.940594
0.990099
0.970297
0.980198
0.980198
0.990099
0.970297
0.980198
0.970297
0.910891
0.960396
0.960396
0.970297
0.950495
0.980198
0.980198
0.990099
0.980198
0.970297
0.960396
0.970297
0.970297
0.990099
0.970297
0.960396
0.980198
0.980198
0.960396
0.960396
0.960396
0.990099
0.950495
0.970297
0.980198
0.980198
0.960396
0.980198
0.960396
0.990099
0.960396
0.980198
0.920792
1.000000
0.940594
0.990099
0.970297
0.990099
0.970297
1.000000
0.970297
0.970297
0.970297
0.990099
0.980198
0.990099
0.980198
0.960396
0.970297
0.990099
0.920792
0.960396
0.950495
1.000000
0.970297
1.000000
0.990099
0.990099
0.990099
0.980198
0.980198
0.970297
0.980198
0.970297
0.980198
0.970297
0.990099
0.990099
0.970297
0.990099
1.000000
0.990099
0.980198
0.990099
0.970297
0.960396
0.990099
0.970297
0.930693
0.990099
0.960396
0.990099
0.970297
0.970297
0.990099
0.980198
0.980198
0.980198
0.980198
0.980198
1.000000
0.960396
0.990099
0.970297
1.000000
0.980198
0.970297
0.980198
0.990099
0.990099
0.990099
0.990099
0.980198
0.980198
1.000000
1.000000
0.980198
0.990099
0.990099
0.990099
0.980198
0.990099
0.980198
0.950495
0.990099
1.000000
0.980198
0.990099
0.980198
0.960396
1.000000
0.990099
0.990099
0.990099
1.000000
0.980198
0.980198
1.000000
1.000000
0.990099
0.980198
0.990099
1.000000
1.000000
0.980198
0.960396
0.970297
0.990099
0.970297
0.990099
0.980198
0.990099
1.000000
0.980198
1.000000
0.980198
0.980198
1.000000
1.000000
0.990099
0.990099
0.980198
1.000000
0.990099
1.000000
0.980198
0.990099
0.990099
0.980198
1.000000
1.000000
0.980198
0.980198
0.990099
0.980198
1.000000
0.990099
0.980198
0.990099
0.990099
1.000000
1.000000
0.970297
0.990099
1.000000
0.990099
0.970297
0.980198
0.980198
1.000000
0.980198
1.000000
0.980198
0.990099
0.990099
1.000000
0.990099
0.990099
0.990099
1.000000
0.980198
1.000000
0.990099
1.000000
0.990099
0.980198
0.970297
0.990099
0.980198
0.990099
1.000000
0.990099
0.990099
0.990099
0.980198
0.990099
0.960396
1.000000
0.990099
1.000000
0.980198
0.980198
0.990099
0.980198
1.000000
0.990099
0.990099
0.980198
0.990099
0.990099
1.000000
0.980198
1.000000
0.970297
0.960396
1.000000
1.000000
1.000000
0.980198
0.970297
0.980198
0.990099
0.990099
1.000000
0.980198
0.980198
1.000000
0.990099
0.980198
1.000000
1.000000
1.000000
1.000000
1.000000
1.000000
0.980198
1.000000
0.970297
1.000000
0.990099
0.980198
0.990099
0.980198
0.990099
0.980198
0.990099
0.970297
1.000000
1.000000
1.000000
1.000000
1.000000
0.990099
0.980198
0.990099
1.000000
0.970297
0.990099
0.980198
0.990099
0.990099
0.980198
1.000000
0.990099
1.000000
0.990099
1.000000
1.000000
1.000000
0.980198
1.000000
1.000000
1.000000
0.980198
1.000000
0.990099
0.990099
0.990099
0.980198
1.000000
1.000000
1.000000
0.980198
0.990099
1.000000
1.000000
1.000000
0.990099
0.980198
0.990099
1.000000
1.000000
0.990099
1.000000
1.000000
0.980198
1.000000
0.990099
0.970297
1.000000
0.990099
1.000000
1.000000
1.000000
1.000000
1.000000
0.990099
0.990099
0.990099
0.990099
0.990099
0.990099
1.000000
0.990099
1.000000
0.990099
1.000000
0.990099
0.990099
1.000000
0.980198
1.000000
1.000000
0.990099
0.990099
1.000000
0.980198
1.000000
1.000000
1.000000
1.000000
1.000000
0.990099
0.990099
0.990099
1.000000
0.990099
1.000000
1.000000
0.970297
0.990099
0.990099
1.000000
1.000000
0.990099
1.000000
0.990099
1.000000
0.990099
0.980198
0.990099
0.990099
0.990099
1.000000
0.990099
0.970297
1.000000
1.000000
1.000000
1.000000
