0.090000
0.119000
0.119000
0.119000
0.119000
0.119000
0.119000
0.119000
0.119000
0.119000
0.119000
0.119000
0.119000
0.119000
0.119000
0.119000
0.119000
0.119000
0.119000
0.119000
0.119000
0.119000
0.119000
0.119000
0.120000
0.126000
0.140000
0.143000
0.150000
0.156000
0.162000
0.162000
0.167000
0.169000
0.169000
0.168000
0.170000
0.169000
0.171000
0.169000
0.167000
0.171000
0.171000
0.171000
0.170000
0.177000
0.164000
0.172000
0.174000
0.166000
0.170000
0.167000
0.166000
0.167000
0.169000
0.170000
0.169000
0.170000
0.175000
0.179000
0.186000
0.190000
0.186000
0.182000
0.193000
0.194000
0.190000
0.191000
0.196000
0.197000
0.197000
0.197000
0.199000
0.195000
0.193000
0.192000
0.191000
0.195000
0.195000
0.200000
0.196000
0.200000
0.205000
0.210000
0.213000
0.217000
0.222000
0.222000
0.222000
0.230000
0.228000
0.230000
0.235000
0.239000
0.241000
0.241000
0.237000
0.243000
0.238000
0.239000
0.237000
0.240000
0.238000
0.240000
0.238000
0.234000
0.241000
0.240000
0.240000
0.242000
0.247000
0.240000
0.237000
0.241000
0.244000
0.245000
0.239000
0.239000
0.242000
0.241000
0.241000
0.240000
0.244000
0.239000
0.238000
0.238000
0.239000
0.242000
0.242000
0.243000
0.246000
0.249000
0.248000
0.249000
0.249000
0.254000
0.252000
0.258000
0.259000
0.254000
0.258000
0.260000
0.260000
0.263000
0.257000
0.260000
0.258000
0.263000
0.265000
0.268000
0.271000
0.274000
0.272000
0.269000
0.275000
0.273000
0.273000
0.275000
0.273000
0.274000
0.270000
0.271000
0.273000
0.272000
0.271000
0.270000
0.277000
0.277000
0.274000
0.281000
0.283000
0.280000
0.284000
0.280000
0.280000
0.284000
0.283000
0.283000
0.284000
0.288000
0.282000
0.284000
0.288000
0.289000
0.290000
0.289000
0.293000
0.294000
0.293000
0.296000
0.300000
0.299000
0.299000
0.301000
0.305000
0.307000
0.310000
0.313000
0.312000
0.312000
0.315000
0.316000
0.312000
0.317000
0.316000
0.317000
0.318000
0.318000
0.316000
0.318000
0.323000
0.321000
0.322000
0.325000
0.333000
0.326000
0.334000
0.327000
0.326000
0.331000
0.333000
0.337000
0.341000
0.339000
0.340000
0.347000
0.345000
0.354000
0.352000
0.354000
0.362000
0.362000
0.362000
0.362000
0.361000
0.366000
0.364000
0.367000
0.365000
0.370000
0.372000
0.375000
0.380000
0.382000
0.380000
0.381000
0.388000
0.387000
0.391000
0.391000
0.392000
0.395000
0.397000
0.394000
0.400000
0.405000
0.410000
0.409000
0.417000
0.420000
0.421000
0.421000
0.424000
0.426000
0.430000
0.432000
0.435000
0.434000
0.438000
0.439000
0.441000
0.444000
0.446000
0.451000
0.454000
0.456000
0.458000
0.457000
0.462000
0.460000
0.462000
0.463000
0.466000
0.463000
0.464000
0.470000
0.466000
0.469000
0.468000
0.469000
0.471000
0.470000
0.467000
0.469000
0.475000
0.469000
0.474000
0.470000
0.471000
0.472000
0.473000
0.473000
0.472000
0.476000
0.481000
0.485000
0.483000
0.479000
0.486000
0.486000
0.483000
0.489000
0.488000
0.487000
0.487000
0.491000
0.498000
0.495000
0.499000
0.497000
0.498000
0.496000
0.496000
0.501000
0.499000
0.500000
0.500000
0.502000
0.505000
0.504000
0.505000
0.505000
0.506000
0.510000
0.510000
0.510000
0.509000
0.507000
0.511000
0.511000
0.513000
0.512000
0.511000
0.513000
0.514000
0.514000
0.516000
0.515000
0.513000
0.514000
0.515000
0.514000
0.515000
0.513000
0.517000
0.517000
0.519000
0.521000
0.520000
0.522000
0.522000
0.521000
0.523000
0.522000
0.523000
0.525000
0.527000
0.528000
0.528000
0.533000
0.531000
0.535000
0.536000
0.533000
0.536000
0.535000
0.539000
0.541000
0.543000
0.542000
0.545000
0.550000
0.550000
0.548000
0.553000
0.550000
0.554000
0.559000
0.561000
0.562000
0.565000
0.568000
0.569000
0.573000
0.572000
0.573000
0.574000
0.577000
0.581000
0.580000
0.584000
0.584000
0.586000
0.586000
0.584000
0.589000
0.591000
0.586000
0.585000
0.588000
0.590000
0.591000
0.590000
0.591000
0.590000
0.591000
0.595000
0.595000
0.598000
0.595000
0.597000
0.593000
0.598000
0.598000
0.603000
0.603000
0.606000
0.606000
0.606000
0.608000
0.609000
0.607000
0.612000
0.610000
0.615000
0.619000
0.616000
0.619000
0.620000
0.624000
0.626000
0.623000
0.619000
0.623000
0.623000
0.624000
0.625000
0.624000
0.627000
0.626000
0.626000
0.626000
0.627000
0.629000
0.627000
0.628000
0.630000
0.628000
0.630000
0.626000
0.627000
0.631000
0.631000
0.631000
0.630000
0.637000
0.634000
0.637000
0.638000
0.638000
0.637000
0.637000
0.638000
0.638000
0.643000
0.643000
0.645000
0.645000
0.646000
0.645000
0.646000
0.644000
0.646000
0.648000
0.649000
0.647000
0.650000
0.644000
0.651000
0.650000
0.650000
0.651000
0.652000
0.653000
0.654000
0.650000
0.656000
0.656000
0.654000
0.654000