0.119000
0.119000
0.174000
0.205000
0.231000
0.248000
0.329000
0.373000
0.421000
0.439000
0.460000
0.475000
0.490000
0.507000
0.511000
0.534000
0.543000
0.559000
0.573000
0.593000
0.607000
0.621000
0.635000
0.644000
0.661000
0.668000
0.685000
0.685000
0.692000
0.707000
0.718000
0.727000
0.721000
0.740000
0.753000
0.763000
0.757000
0.758000
0.762000
0.776000
0.769000
0.785000
0.784000
0.786000
0.782000
0.800000
0.796000
0.804000
0.810000
0.810000
0.814000
0.819000
0.824000
0.826000
0.830000
0.833000
0.835000
0.837000
0.832000
0.837000
0.849000
0.847000
0.851000
0.850000
0.849000
0.855000
0.859000
0.852000
0.867000
0.863000
0.866000
0.871000
0.874000
0.871000
0.872000
0.876000
0.884000
0.881000
0.880000
0.880000
0.888000
0.893000
0.889000
0.889000
0.894000
0.899000
0.895000
0.895000
0.900000
0.903000
0.900000
0.902000
0.906000
0.903000
0.909000
0.905000
0.908000
0.910000
0.915000
0.907000
0.911000
0.915000
0.908000
0.914000
0.915000
0.917000
0.913000
0.918000
0.916000
0.920000
0.916000
0.919000
0.914000
0.918000
0.918000
0.916000
0.924000
0.913000
0.915000
0.921000
0.925000
0.923000
0.922000
0.921000
0.921000
0.922000
0.923000
0.921000
0.922000
0.925000
0.927000
0.923000
0.921000
0.923000
0.919000
0.920000
0.924000
0.925000
0.923000
0.922000
0.922000
0.925000
0.923000
0.921000
0.926000
0.927000
0.925000
0.925000
0.929000
0.925000
0.924000
0.927000
0.921000
0.924000
0.924000
0.928000
0.931000
0.928000
0.925000
0.926000
0.926000
0.924000
0.921000
0.924000
0.929000
0.926000
0.925000
0.926000
0.927000
0.924000
0.925000
0.928000
0.929000
0.926000
0.926000
0.930000
0.927000
0.926000
0.926000
0.925000
0.929000
0.928000
0.923000
0.930000
0.929000
0.934000
0.928000
0.926000
0.930000
0.929000
0.928000
0.925000
0.930000
0.930000
0.926000
0.932000
0.927000
0.927000
0.931000
0.932000
0.930000
0.932000
0.927000
0.931000
0.931000
0.930000
0.927000
0.927000
0.926000
0.925000
0.928000
0.930000
0.930000
0.928000
0.929000
0.922000
0.926000
0.936000
0.926000
0.928000
0.925000
0.928000
0.927000
0.928000
0.933000
0.930000
0.932000
0.930000
0.929000
0.932000
0.930000
0.930000
0.928000
0.925000
0.927000
0.931000
0.926000
0.930000
0.931000
0.929000
0.930000
0.930000
0.929000
0.923000
0.926000
0.927000
0.929000
0.924000
0.927000
0.928000
0.926000
0.928000
0.929000
0.927000
0.935000
0.930000
0.927000
0.930000
0.926000
0.928000
0.930000
0.926000
0.928000
0.928000
0.926000
0.931000
0.928000
0.929000
0.927000
0.928000
0.928000
0.933000
0.931000
0.928000
0.932000
0.931000
0.932000
0.930000
0.932000
0.936000
0.934000
0.929000
0.926000
0.931000
0.928000
0.932000
0.932000
0.928000
0.931000
0.928000
0.929000
0.929000
0.925000
0.928000
0.927000
0.928000
0.926000
0.930000
0.929000
0.926000
0.930000
0.929000
0.927000
0.932000
0.929000
0.935000
0.926000
0.926000
0.926000
0.931000
0.927000
0.933000
0.932000
0.933000
0.930000
0.932000
0.929000
0.936000
0.928000
0.932000
0.930000
0.929000
0.933000
0.933000
0.931000
0.934000
0.927000
0.932000
0.932000
0.928000
0.935000
0.931000
0.929000
0.931000
0.927000
0.933000
0.929000
0.930000
0.933000
0.927000
0.933000
0.931000
0.929000
0.929000
0.935000
0.934000
0.933000
0.934000
0.929000
0.933000
0.932000
0.935000
0.929000
0.932000
0.931000
0.934000
0.929000
0.933000
0.930000
0.933000
0.932000
0.928000
0.933000
0.934000
0.933000
0.933000
0.928000
0.934000
0.932000
0.935000
0.930000
0.930000
0.935000
0.932000
0.936000
0.934000
0.936000
0.935000
0.929000
0.934000
0.934000
0.931000
0.932000
0.931000
0.930000
0.930000
0.930000
0.936000
0.929000
0.933000
0.932000
0.933000
0.936000
0.931000
0.936000
0.937000
0.934000
0.934000
0.933000
0.932000
0.934000
0.934000
0.931000
0.936000
0.933000
0.932000
0.934000
0.928000
0.937000
0.935000
0.937000
0.936000
0.935000
0.933000
0.936000
0.935000
0.933000
0.937000
0.937000
0.934000
0.934000
0.937000
0.932000
0.931000
0.938000
0.939000
0.934000
0.934000
0.937000
0.934000
0.932000
0.932000
0.935000
0.932000
0.938000
0.933000
0.938000
0.936000
0.933000
0.934000
0.940000
0.936000
0.934000
0.938000
0.931000
0.934000
0.935000
0.938000
0.940000
0.932000
0.931000
0.933000
0.934000
0.937000
0.938000
0.939000
0.935000
0.932000
0.936000
0.942000
0.935000
0.937000
0.934000
0.934000
0.941000
0.935000
0.937000
0.935000
0.938000
0.940000
0.938000
0.936000
0.935000
0.934000
0.937000
0.937000
0.938000
0.937000
0.932000
0.940000
0.933000
0.935000
0.941000
0.940000
0.939000
0.940000
0.933000
0.945000
0.941000
0.937000
0.935000
0.938000
0.939000
0.934000
0.936000
0.935000
0.939000
0.937000
0.939000
0.936000