0.000000
0.181000
0.194000
0.206000
0.195000
0.203000
0.142000
0.158000
0.151000
0.193000
0.189000
0.160000
0.208000
0.117000
0.137000
0.203000
0.194000
0.082000
0.103000
0.117000
0.168000
0.122000
0.162000
0.166000
0.149000
0.182000
0.146000
0.167000
0.203000
0.175000
0.162000
0.207000
0.183000
0.196000
0.201000
0.186000
0.202000
0.196000
0.196000
0.189000
0.182000
0.182000
0.210000
0.196000
0.216000
0.187000
0.202000
0.204000
0.151000
0.169000
0.180000
0.215000
0.206000
0.220000
0.203000
0.190000
0.187000
0.180000
0.194000
0.198000
0.186000
0.211000
0.198000
0.167000
0.194000
0.140000
0.226000
0.179000
0.198000
0.147000
0.218000
0.198000
0.187000
0.195000
0.196000
0.209000
0.175000
0.192000
0.201000
0.217000
0.225000
0.203000
0.167000
0.215000
0.205000
0.203000
0.210000
0.200000
0.181000
0.213000
0.183000
0.156000
0.203000
0.200000
0.111000
0.205000
0.199000
0.191000
0.189000
0.188000
0.208000
0.209000
0.184000
0.200000
0.200000
0.197000
0.212000
0.195000
0.190000
0.224000
0.202000
0.185000
0.213000
0.183000
0.111000
0.184000
0.195000
0.180000
0.195000
0.192000
0.138000
0.193000
0.214000
0.210000
0.199000
0.209000
0.154000
0.175000
0.193000
0.185000
0.179000
0.214000
0.190000
0.185000
0.205000
0.204000
0.196000
0.188000
0.193000
0.163000
0.191000
0.189000
0.195000
0.212000
0.206000
0.198000
0.195000
0.205000
0.210000
0.187000
0.200000
0.193000
0.204000
0.198000
0.229000
0.163000
0.208000
0.163000
0.180000
0.198000
0.218000
0.185000
0.196000
0.200000
0.201000
0.202000
0.176000
0.231000
0.183000
0.191000
0.201000
0.214000
0.173000
0.183000
0.195000
0.177000
0.184000
0.201000
0.192000
0.184000
0.176000
0.189000
0.199000
0.202000
0.231000
0.203000
0.208000
0.209000
0.199000
0.188000
0.180000
0.202000
0.205000
0.195000
0.201000
0.165000
0.206000
0.201000
0.147000
0.197000
0.182000
0.194000
0.187000
0.195000
0.173000
0.200000
0.193000
0.185000
0.176000
0.190000
0.187000
0.218000
0.224000
0.170000
0.180000
0.182000
0.191000
0.178000
0.219000
0.180000
0.194000
0.184000
0.189000
0.161000
0.180000
0.196000
0.204000
0.193000
0.181000
0.193000
0.200000
0.207000
0.197000
0.208000
0.187000
0.204000
0.212000
0.183000
0.206000
0.207000
0.208000
0.192000
0.180000
0.177000
0.189000
0.213000
0.187000
0.180000
0.192000
0.192000
0.209000
0.199000
0.202000
0.223000
0.199000
0.195000
0.194000
0.194000
0.202000
0.198000
0.199000
0.176000
0.183000
0.189000
0.193000
0.211000
0.193000
0.191000
0.189000
0.202000
0.193000
0.179000
0.197000
0.196000
0.176000
0.194000
0.209000
0.226000
0.207000
0.184000
0.180000
0.186000
0.187000
0.200000
0.202000
0.205000
0.199000
0.209000
0.203000
0.199000
0.199000
0.180000
0.191000
0.186000
0.181000
0.204000
0.192000
0.207000
0.208000
0.203000
0.186000
0.187000
0.180000
0.208000
0.185000
0.197000
0.208000
0.195000
0.213000
0.194000
0.175000
0.215000
0.188000
0.199000
0.184000
0.198000
0.184000
0.193000
0.172000
0.202000
0.201000
0.195000
0.197000
0.186000
0.207000
0.216000
0.211000
0.210000
0.200000
0.189000
0.207000
0.206000
0.205000
0.211000
0.174000
0.205000
0.184000
0.178000
0.176000
0.190000
0.202000
0.207000
0.188000
0.197000
0.182000
0.182000
0.199000
0.178000
0.170000
0.202000
0.195000
0.193000
0.193000
0.190000
0.194000
0.203000
0.179000
0.188000
0.213000
0.185000
0.196000
0.199000
0.183000
0.186000
0.203000
0.183000
0.191000
0.204000
0.179000
0.202000
0.208000
0.177000
0.196000
0.191000
0.182000
0.199000
0.202000
0.198000
0.213000
0.213000
0.208000
0.195000
0.193000
0.180000
0.195000
0.213000
0.192000
0.208000
0.183000
0.205000
0.197000
0.195000
0.222000
0.210000
0.192000
0.188000
0.206000
0.216000
0.189000
0.183000
0.200000
0.179000
0.191000
0.186000
0.196000
0.200000
0.193000
0.174000
0.183000
0.189000
0.211000
0.205000
0.196000
0.199000
0.200000
0.193000
0.167000
0.195000
0.206000
0.222000
0.177000
0.181000
0.204000
0.209000
0.192000
0.189000
0.201000
0.187000
0.206000
0.193000
0.187000
0.232000
0.191000
0.202000
0.187000
0.200000
0.211000
0.194000
0.193000
0.186000
0.206000
0.195000
0.194000
0.193000
0.219000
0.195000
0.192000
0.198000
0.186000
0.230000
0.189000
0.182000
0.177000
0.213000
0.185000
0.220000
0.185000
0.202000
0.206000
0.193000
0.194000
0.188000
0.195000
0.226000
0.176000
0.183000
0.188000
0.182000
0.208000
0.207000
0.187000
0.182000
0.207000
0.229000
0.162000
0.188000
0.220000
0.220000
0.191000
0.195000
0.197000
0.208000
0.173000
0.203000
0.187000
0.189000
0.164000
0.197000
0.177000
0.187000
0.188000
0.206000
0.210000
0.187000
0.216000
0.212000
0.200000
0.179000
0.207000
0.206000
